 0  0.00  0.00  0.0  0.0
 0.00 0.00 0.00 0.00 0.0 0.0
14
 0.00  0.00  0.00  0.00  0.0  0.0
 0.00 0.00 0.0 0.0
15
 0.00  0.00  0.00  0.00  0.0  0.0
 0.00 0.00 0.00 0.00 0.0 0.0
14
 0.00  0.00  0.00  0.00  0.0  0.0
 0.0.00 0.00 0.00 0.0 0.0
14
 0.00  0.00  0.00  0.00  0.0  0.0
 0.00 0.00 0.00 0.00 0.0 0.0
14
 0.00  0.00  0.00  0.00  0.0  0.0
 0.00 0.00 0.00 0.00 0.0 0.0
15
 0.00  0.00  0.00  0.00  0.0  0.0
 0.00 0.00 0.00 0.00 0.0 0.0
15
 0.00  0.00  0.00  0.00  0.0  0.0
 0.00 0.00 0.00 0.00 0.0 0.0
13
 0.00  0.00  0.00  0.00  0.0  0.0
 0.00 0.00 0.00 0.00 0.0 0.0
14
 0.00  0.00  0.00  0.00  0.0  0.0
 0.00 0.00 0.00 0.00 0.0 0.0
14
 0.00  0.00  0.00  0.00  0.0  0.0
 0.00 0.00 0.00 0.00 0.0 0.0
15
 0.00  0.00  0.00  0.00  0.0  0.0
 0.00 0.00 0.00 0.00 0.0 0.0
14
 0.00  0.00  0.00  0.00  0.0  0.0
